50
呆
1
-1 -1 0 0
0 0 0 0 0 0 0 0 0 0 1 1 0 0 20 5
萌
2
-1 6 0 15
6 16 -1.5 24
0 5 0 0 0 0 0 0 1 -1 1 1 -1 0 -1 5
御姐
2
15 30 0.67 -10
30 50 -0.5 25
2 10 0 0 0 1 0 0 1 0 0 0 0 0 1 5
壕
1
-1 -1 0 0
0 0 0 0 0 0 0 0 0 0 0 0 0 0 0 5
萝莉
3
0 5 1 0
5 6 0 5
6 25 -0.2631 6.5788
2 15 0 0 0 0 0 0 0 0 0 0 0 0 0 5
正太
3
0 5 1 0
5 6 0 5
6 25 -0.2631 6.5788
1 15 0 0 0 0 0 0 0 0 0 0 0 0 0 5
眼镜娘
1
-1 -1 0 0
2 5 0 0 15 0 0 0 0 0 0 0 0 0 0 5
眼镜君
1
-1 -1 0 0
1 0 0 0 10 0 0 0 0 0 0 0 0 0 0 5
傲娇
1
5 40 0 0
0 10 0 0 0 0 2 0 0 10 0 0 0 0 0 5
女王
1
8 -1 0 0
2 7 0 0 0 2 0 0 0 0 0 0 7 0 7 5
冒失
1
-1 -1 0 0
0 0 0 0 0 0 0 0 0 0 0 0 0 0 0 0
吃货
1
-1 -1 0 0
0 0 0 0 0 0 0 0 0 0 0 0 0 0 0 0
大叔
3
18 40 0.4545 -8.1818
40 50 0 10
50 60 -1 60
1 0 4 4 0 0 0 0 0 0 0 0 0 0 0 5
伪大叔
1
-1 -1 0 0
1 0 0 0 0 0 0 0 0 0 0 0 0 0 0 0
腹黑
1
-1 -1 0 0
0 0 0 0 0 0 0 0 7 7 0 0 0 0 7 5
闷骚
1
-1 -1 0 0
0 0 0 0 0 0 0 0 0 0 0 0 0 0 0 5
暖男
1
12 -1 0 0
1 2 0 0 0 0 0 2 16 0 0 0 0 0 0 5
人赢
1
-1 -1 0 0
0 0 0 0 0 0 0 0 0 0 0 0 0 0 0 5
男神
1
12 40 0 0
1 18 0 0 0 0 0 0 0 0 0 0 0 0 0 5
女神
1
12 40 0 0
2 18 0 0 0 0 0 0 0 0 0 0 0 0 0 5
淡定帝
1
-1 -1 0 0
0 0 0 0 0 0 0 0 0 0 0 0 0 0 20 5
宅男
3
8 12 2.5 -15
12 25 0 15
25 35 -1 40
1 -20 0 0 5 0 0 0 0 0 0 0 0 0 0 5
阳光
1
6 -1 0 0
0 0 0 0 0 0 0 0 0 0 0 0 0 0 0 0
机智
1
6 -1 0 0
0 0 0 0 0 0 0 0 0 0 0 0 0 0 0 0
傻帽
1
6 -1 0 0
0 0 0 0 0 0 0 0 0 0 0 0 0 0 0 0
逗逼
1
6 -1 0 0
0 0 0 0 0 0 0 0 0 0 0 0 0 0 0 0
奇葩
1
6 -1 0 0
0 0 0 0 0 0 1 1 0 0 0 0 0 0 0 0
傻白甜
3
6 11 2 -17
11 20 0 5
20 30 -1.5 45
2 5 0 0 0 0 0 5 5 0 0 0 0 5 0 5
二货
1
6 -1 0 0
0 0 0 0 0 0 0 0 0 0 0 0 0 0 0 0
小男生
1
-1 6 0 0
1 0 0 0 0 0 0 0 0 0 0 0 0 0 0 0
小女生
1
-1 6 0 0
2 0 0 0 0 0 0 0 0 0 0 0 0 0 0 0
Baby
1
-1 3 0 0
0 0 0 0 0 0 0 0 0 0 0 0 0 0 0 0
熊孩子
2
-1 8 0 10
8 10 -5 50
0 0 0 0 0 0 0 0 0 20 0 0 20 0 0 5
老人家
1
50 -1 1 -40
0 0 0 0 0 0 0 0 0 0 0 0 0 0 0 5
开心果
1 
-1 60 0 0
0 0 0 0 0 0 0 0 0 0 0 0 0 0 0 5
暴躁君
1 
6 -1 0 0
0 0 0 0 0 0 0 0.2 0 1 0 0 0 0 0 5
多愁善感
1
6 -1 0 0
0 1 0 0 1 0 0 0 0 0 1 1 1 0 2 5
调皮
1
3 18 0 0
0 0 0 0 0 1 0 1 1 1 0 0 1 1 0 5
温柔
1 
6 -1 0 0
0 0.5 0 0 0 0 0 0 1 0 0 0 0 0 1 5
活泼
1
3 18 0 0
0 0 0 0 0 1 0 1 1 1 0 0 1 1 0 5
斯文
1
6 -1 0 0
0 1 1 1 1 0 0 0 0 0 0 1 0 0 2 5
豪放
1
7 -1 0 0
0 1 0 0 0 1 0 0 1 0 0 0 0 0 0 5
老练
1
30 -1 0 0
0 1 1 1 1 0 0 0 1 0 0 0 0 0 1 5
贤惠
1
18 -1 0 0
2 1 0 0 1 0 0 0 0 0 0 0 0 1 1 5
浪
1
15 -1 0 0
0 1 0 0 0 2 0 0 1 0 0 0 0 1 0 5
敏感
1
6 -1 0 0
0 1 0 0 1 0 0 0 0 0 1 1 1 0 2 5
能干
1
10 -1 0 0
0 1 1 1 1 0 0 0 1 0 0 0 0 0 1 5
拖延症
1
13 -1 0 0
0 1 0 0 0 0 0 0 0 0 0 0 0 0 0 5
情绪化
1
6 -1 0 0
0 0 0 0 0 0 0 0 1 1 1 1 1 1 0 3
倒霉
1
6 -1 0 0
0 0 0 0 0 0 1 1 0 0 1 1 1 1 0 5
