50
呆
1
-1 50
0 0 -1 -1 1 -1 1 1 0 -1 -1 1 -1 1 1 5
萌
1
-1 50
0 1 -1 -1 1 -1 1 1 0 -1 -1 1 -1 1 1 5
御姐
1
15 50
2 1 -1 -1 0 1 -1 0 1 0 -1 -1 0 0 1 5
壕
1
10 60
0 0 1 1 1 1 0 0 1 -1 -1 -1 0 0 1 5
萝莉
1
-1 25
2 1 -1 -1 1 0 0 1 1 0 -1 0 -1 0 0 5
正太
1
-1 25
1 1 -1 -1 1 0 0 1 1 0 -1 0 -1 0 0 5
眼睛娘
1
12 50
2 1 0 0 2 0 0 0 0 0 0 0 0 0 1 5
眼睛君
1
12 50
1 1 0 1 2 0 0 0 0 0 0 0 0 0 1 5
傲娇
1
8 50
0 1 0 0 0 0 0 1 0 1 -1 1 1 0 -1 5
女王
1
8 50
2 1 -1 -1 0 1 0 0 1 0 0 -1 1 -1 1 5
冒失
1
6 -1
0 0 0 0 1 -1 1 1 1 -1 -1 1 0 1 -1 5
吃货
1
0 -1
0 0 0 0 0 0 0 1 0 -1 -1 1 -1 -1 1 5
大叔
1
18 -1
1 1 1 1 0 0 0 0 1 0 0 0 0 0 1 5
伪大叔
1
18 -1
1 1 1 1 0 0 0 0 1 0 0 0 0 0 1 5
腹黑
1
10 -1
0 0 0 0 1 1 -1 0 -1 0 -1 -1 1 0 -1 5
闷骚
1
10 -1
0 0 1 1 1 -1 1 1 -1 0 1 1 0 -1 1 5
暖男
1
12 -1
1 1 0 0 1 -1 0 0 1 0 0 1 0 -1 1 5
人赢
1
12 -1
0 1 0 0 1 1 -1 0 1 -1 -1 -1 -1 0 1 5
男神
1
12 -1
1 1 0 0 1 1 -1 0 1 -1 -1 -1 -1 0 1 5
女神
1
12 -1
2 1 0 0 1 1 -1 0 1 -1 -1 -1 -1 0 1 5
淡定帝
1
12 -1
0 1 1 1 1 -1 0 -1 -1 -1 -1 1 -1 -1 2 5
宅男
1
12 -1
1 1 1 1 1 -1 0 1 0 0 0 1 0 0 1 5
阳光
1
6 -1
0 0 -1 -1 0 1 -1 0 1 -1 -1 -1 -1 1 0 5
机智
1
6 -1
0 0 0 0 1 0 -1 0 1 -1 -1 -1 -1 0 1 5
傻帽
1
6 -1
0 0 -1 -1 -1 -1 1 1 1 -1 -1 1 1 1 0 5
逗逼
1
6 -1
0 0 -1 -1 0 -1 1 1 1 -1 -1 1 0 1 0 5
奇葩
1
6 -1
0 0 0 0 0 0 1 1 0 0 0 0 0 0 0 5
傻白甜
1
-1 50
2 0 -1 -1 1 -1 1 1 0 -1 -1 1 -1 1 1 5
二货
1
6 -1
0 0 0 0 1 -1 1 1 1 -1 -1 1 0 1 -1 5
小男生
1
-1 6
1 0 -1 -1 0 0 0 0 0 0 0 0 0 0 0 5
小女生
1
-1 6
2 0 -1 -1 0 0 0 0 0 0 0 0 0 0 0 5
Baby
1
-1 3
0 0 -1 -1 0 0 0 0 0 0 0 0 0 0 0 5
熊孩子
1
3 7
0 0 -1 -1 0 1 0 1 1 1 -1 -1 1 1 0 5
老人家
1
60 -1
0 0 1 1 0 0 0 0 0 0 0 0 0 0 1 5
开心果
1
-1 60
0 0.5 0 0 0 0 0 1 1 -1 -1 1 0 1 0 5
暴躁君
1
6 -1
0 0 0 0 0 0 0 1 -1 1 1 1 1 1 -1 5
多愁善感
1
6 -1
0 1 0 0 1 -1 -1 -1 -1 -1 1 1 1 0 2 5
调皮
1
3 18
0 0 -1 -1 0 1 0 1 1 1 -1 -1 1 1 0 5
温柔
1
6 -1
0 1 0 0 1 -1 -1 -1 -1 -1 1 1 1 0 2 5
活泼
1
3 18
0 0 -1 -1 0 1 0 1 1 1 -1 -1 1 1 0 5
斯文
1
6 -1
0 1 1 1 1 -1 0 -1 -1 -1 -1 1 -1 -1 2 5
豪放
1
7 -1
0 1 0 0 0 1 0 0 1 -1 -1 -1 -1 0 0 5
老练
1
30 -1
0 1 1 1 1 0 -1 0 1 0 -1 -1 0 0 1 5
贤惠
1
18 -1
2 1 -1 -1 1 -1 0 0 0 -1 -1 0 -1 1 1 5
浪
1
15 -1
0 1 0 0 0 2 0 0 1 0 -1 0 0 1 0 5
敏感
1
6 -1
0 1 0 0 1 -1 -1 -1 -1 -1 1 1 1 0 2 5
能干
1
10 -1
0 1 1 1 1 0 -1 0 1 0 -1 0 0 0 1 5
拖延症
1
13 -1
0 1 0 0 0 0 0 0 0 0 0 0 0 0 0 5
情绪化
1
6 -1
0 0 0 0 0 0 0 1 -1 1 1 1 1 1 -1 5
倒霉
1
6 -1
0 0 0 0 0 0 1 1 -1 -1 1 1 1 1 0 5
